
Documento 0
           term         indice            tdf            idf          tfidf

            Red              0              1       0.823909       0.823909
         cherry              1              1        1.30103        1.30103
          fruit              2              1        0.30103        0.30103
          comes              3              1              1              1
          laced              4              1        1.30103        1.30103
          light              6              1        1.30103        1.30103
        tannins              7              1        0.69897        0.69897
         giving              8              1              1              1
         bright             10              1       0.823909       0.823909
           wine             11              1       0.259637       0.259637
           open             13              1              1              1
          juicy             14              1       0.823909       0.823909
      character             15              1              1              1
Documento 1
           term         indice            tdf            idf          tfidf

         Merlot              0              1        1.30103        1.30103
           Nero              2              1        1.30103        1.30103
         dAvola              3              1        1.30103        1.30103
           form              4              1        1.30103        1.30103
           base              6              1        1.30103        1.30103
           easy              9              1        1.30103        1.30103
            red             10              1       0.823909       0.823909
           wine             11              1       0.259637       0.259637
          would             13              1              1              1
           pair             14              1        0.69897        0.69897
     fettuccine             16              1        1.30103        1.30103
           meat             18              1              1              1
          sauce             19              1              1              1
           pork             21              1        1.30103        1.30103
          roast             22              1        1.30103        1.30103
            The             23              3       0.221849       0.665546
        quality             24              1              1              1
          fruit             27              1        0.30103        0.30103
          clean             29              1       0.823909       0.823909
         bright             30              1       0.823909       0.823909
          sharp             32              1        1.30103        1.30103
Documento 2
           term         indice            tdf            idf          tfidf

           Part              0              1              1              1
       extended              3              1        1.30103        1.30103
      Calanìca              4              1        1.30103        1.30103
         series              5              1        1.30103        1.30103
 GrilloViognier              7              1        1.30103        1.30103
          blend              8              1       0.823909       0.823909
          shows              9              2       0.823909        1.64782
         aromas             10              1        0.60206        0.60206
    honeysuckle             12              1        1.30103        1.30103
        jasmine             14              1        1.30103        1.30103
         backed             15              1              1              1
        touches             17              1              1              1
            cut             19              1        1.30103        1.30103
          grass             20              1              1              1
           wild             22              1        1.30103        1.30103
           sage             23              1        1.30103        1.30103
             In             24              1              1              1
          mouth             26              1        1.30103        1.30103
           ripe             29              1        0.69897        0.69897
    yellowfruit             30              1        1.30103        1.30103
        flavors             31              1        0.39794        0.39794
Documento 3
           term         indice            tdf            idf          tfidf

         Rustic              0              1        1.30103        1.30103
            dry              2              1              1              1
        flavors              5              1        0.39794        0.39794
        berries              7              1        1.30103        1.30103
       currants              8              1        1.30103        1.30103
       licorice              9              1        1.30103        1.30103
         spices             11              1        1.30103        1.30103
           Made             12              1              1              1
       Cabernet             14              2              1              2
          Franc             15              1        1.30103        1.30103
      Sauvignon             18              1        0.69897        0.69897
Documento 4
           term         indice            tdf            idf          tfidf

           This              0              2      0.0457575       0.091515
          shows              1              1       0.823909       0.823909
           tart              3              1        1.30103        1.30103
          green              4              1              1              1
     gooseberry              5              1              1              1
         flavor              6              1        0.60206        0.60206
        similar              9              1        1.30103        1.30103
            New             11              1              1              1
        Zealand             12              1              1              1
      Sauvignon             13              1        0.69897        0.69897
          Blanc             14              1       0.823909       0.823909
          Other             15              1        1.30103        1.30103
          notes             16              1       0.522879       0.522879
        include             17              1        1.30103        1.30103
       tropical             18              1              1              1
          fruit             19              1        0.30103        0.30103
         orange             20              1              1              1
          honey             22              1       0.823909       0.823909
        Unoaked             23              1        1.30103        1.30103
         splash             26              1        1.30103        1.30103
         Muscat             28              1        1.30103        1.30103
    commendable             31              1        1.30103        1.30103
        dryness             32              1        1.30103        1.30103
        acidity             34              1       0.823909       0.823909
Documento 5
           term         indice            tdf            idf          tfidf

             As              0              1        1.30103        1.30103
           many              2              1        1.30103        1.30103
          Erath              5              1        1.30103        1.30103
           2010              6              1        1.30103        1.30103
       vineyard              7              1        1.30103        1.30103
     designates              8              1        1.30103        1.30103
       strongly             11              1        1.30103        1.30103
         herbal             12              1        1.30103        1.30103
            The             13              5       0.221849        1.10924
          notes             14              1       0.522879       0.522879
           leaf             16              1        1.30103        1.30103
           herb             18              1              1              1
         create             19              1        1.30103        1.30103
       somewhat             20              1        1.30103        1.30103
         unripe             21              1        1.30103        1.30103
         flavor             22              1        0.60206        0.60206
    impressions             23              1        1.30103        1.30103
          touch             26              1              1              1
     bitterness             28              1              1              1
         finish             31              1        0.60206        0.60206
          fruit             33              1        0.30103        0.30103
         passes             35              1        1.30103        1.30103
       ripeness             37              1        1.30103        1.30103
          sweet             39              1        0.69897        0.69897
       tomatoes             40              1        1.30103        1.30103
Documento 6
           term         indice            tdf            idf          tfidf

          White              0              1       0.823909       0.823909
         flower              1              1        1.30103        1.30103
         lychee              2              1        1.30103        1.30103
          apple              4              1        1.30103        1.30103
         aromas              5              1        0.60206        0.60206
          carry              6              1        1.30103        1.30103
         mellow              8              1        1.30103        1.30103
        bouquet              9              1        1.30103        1.30103
            The             10              5       0.221849        1.10924
  chunkyfeeling             11              1        1.30103        1.30103
         palate             12              1        0.60206        0.60206
          bears             13              1        1.30103        1.30103
        powdery             14              1        1.30103        1.30103
          sweet             15              1        0.69897        0.69897
        flavors             16              1        0.39794        0.39794
          peach             18              1        1.30103        1.30103
          melon             20              1        1.30103        1.30103
          mixed             21              1        1.30103        1.30103
        greener             23              1        1.30103        1.30103
          notes             24              1       0.522879       0.522879
          grass             26              1              1              1
           lime             28              1        1.30103        1.30103
             80             30              1        1.30103        1.30103
       Viognier             31              1        1.30103        1.30103
      component             32              1        1.30103        1.30103
        typical             34              1        1.30103        1.30103
           warm             37              1        1.30103        1.30103
        climate             38              1        1.30103        1.30103
          plump             39              1              1              1
           oily             41              1        1.30103        1.30103
          short             44              1        1.30103        1.30103
         finish             45              1        0.60206        0.60206
     Chardonnay             46              1        1.30103        1.30103
          fills             47              1        1.30103        1.30103
          blend             50              1       0.823909       0.823909
Documento 7
           term         indice            tdf            idf          tfidf

           This              0              1      0.0457575      0.0457575
   concentrated              1              1        1.30103        1.30103
       Cabernet              2              1              1              1
         offers              3              1              1              1
         aromas              4              1        0.60206        0.60206
          cured              6              1        1.30103        1.30103
           meat              7              1              1              1
          dried              8              1        1.30103        1.30103
          fruit              9              1        0.30103        0.30103
       rosemary             11              1        1.30103        1.30103
       Barbecue             12              1        1.30103        1.30103
          spice             13              1        1.30103        1.30103
       teriyaki             15              1        1.30103        1.30103
          sauce             16              1              1              1
        flavors             17              1        0.39794        0.39794
           give             18              1        1.30103        1.30103
           wine             20              1       0.259637       0.259637
           bold             22              1        1.30103        1.30103
          chewy             23              1        1.30103        1.30103
           feel             24              1        1.30103        1.30103
Documento 8
           term         indice            tdf            idf          tfidf

           Inky              0              1        1.30103        1.30103
          color              2              1        1.30103        1.30103
           wine              4              1       0.259637       0.259637
          plump              6              1              1              1
         aromas              7              1        0.60206        0.60206
           ripe              9              1        0.69897        0.69897
          fruit             10              1        0.30103        0.30103
     blackberry             11              1        1.30103        1.30103
            jam             12              1        1.30103        1.30103
            rum             14              1        1.30103        1.30103
           cake             15              1        1.30103        1.30103
             On             16              1        0.69897        0.69897
         palate             18              1        0.60206        0.60206
           soft             21              1       0.823909       0.823909
         smooth             23              1        1.30103        1.30103
Documento 9
           term         indice            tdf            idf          tfidf

           Part              0              1              1              1
        natural              3              1        1.30103        1.30103
           wine              4              2       0.259637       0.519275
       movement              5              1        1.30103        1.30103
           made              9              1              1              1
        organic             11              1        1.30103        1.30103
         grapes             12              1        1.30103        1.30103
          label             15              1        1.30103        1.30103
        printed             17              1        1.30103        1.30103
      vegetable             19              1        1.30103        1.30103
            ink             20              1        1.30103        1.30103
       recycled             22              1        1.30103        1.30103
          paper             23              1        1.30103        1.30103
            The             24              4       0.221849       0.887395
        quality             25              1              1              1
          fruit             27              1        0.30103        0.30103
           nice             30              1        1.30103        1.30103
          juicy             33              1       0.823909       0.823909
         palate             34              1        0.60206        0.60206
         bright             37              1       0.823909       0.823909
          berry             38              1        0.69897        0.69897
         flavor             39              1        0.60206        0.60206
         finish             42              1        0.60206        0.60206
Documento 10
           term         indice            tdf            idf          tfidf

     Catarratto              0              1        1.30103        1.30103
            one              2              1        1.30103        1.30103
        Sicilys              4              1        1.30103        1.30103
         widely              6              1        1.30103        1.30103
         farmed              7              1        1.30103        1.30103
          white              8              1       0.823909       0.823909
          grape              9              1        1.30103        1.30103
      varieties             10              1        1.30103        1.30103
           This             11              1      0.0457575      0.0457575
     expression             12              1        1.30103        1.30103
          shows             13              1       0.823909       0.823909
        mineral             15              1              1              1
           note             16              1        1.30103        1.30103
         backed             17              1              1              1
         citrus             19              1       0.823909       0.823909
         almond             21              1        1.30103        1.30103
        blossom             22              1        1.30103        1.30103
        touches             23              1              1              1
Documento 11
           term         indice            tdf            idf          tfidf

              A              0              2       0.154902       0.309804
          stiff              1              1        1.30103        1.30103
         tannic              2              1        1.30103        1.30103
           wine              3              1       0.259637       0.259637
         slowly              5              1        1.30103        1.30103
          opens              6              1        1.30103        1.30103
         brings              8              1        1.30103        1.30103
        brambly              9              1        1.30103        1.30103
          berry             10              1        0.69897        0.69897
        flavors             11              1        0.39794        0.39794
           play             13              1        1.30103        1.30103
          along             14              1        1.30103        1.30103
          notes             16              1       0.522879       0.522879
         earthy             18              1        1.30103        1.30103
          herbs             19              1        1.30103        1.30103
         Theres             20              1        1.30103        1.30103
          touch             22              1              1              1
     bitterness             24              1              1              1
        tannins             27              1        0.69897        0.69897
Documento 12
           term         indice            tdf            idf          tfidf

           This              0              1      0.0457575      0.0457575
        festive              3              1        1.30103        1.30103
           wine              4              1       0.259637       0.259637
           soft              6              1       0.823909       0.823909
           ripe              7              1        0.69897        0.69897
          fruit              8              1        0.30103        0.30103
        acidity             10              1       0.823909       0.823909
           plus             11              1        1.30103        1.30103
            red             13              1       0.823909       0.823909
          berry             14              1        0.69897        0.69897
         flavor             15              1        0.60206        0.60206
Documento 13
           term         indice            tdf            idf          tfidf

            The              0              2       0.221849       0.443697
          clean              1              1       0.823909       0.823909
          brisk              2              1        1.30103        1.30103
      mouthfeel              3              1        1.30103        1.30103
          gives              4              1        1.30103        1.30103
       slightly              6              1        1.30103        1.30103
          oaked              7              1        1.30103        1.30103
      Sauvignon              8              1        0.69897        0.69897
          Blanc              9              1       0.823909       0.823909
        instant             10              1        1.30103        1.30103
    likeability             11              1        1.30103        1.30103
            Its             12              1        1.30103        1.30103
            dry             13              1              1              1
           rich             16              1        1.30103        1.30103
         streak             17              1        1.30103        1.30103
          honey             19              1       0.823909       0.823909
       sweetens             21              1        1.30103        1.30103
         citrus             23              1       0.823909       0.823909
           pear             24              1        1.30103        1.30103
       tropical             26              1              1              1
          fruit             27              1        0.30103        0.30103
        flavors             28              1        0.39794        0.39794
           Pair             29              1        0.69897        0.69897
          Asian             32              1        1.30103        1.30103
           fare             33              1        1.30103        1.30103
            ham             34              1        1.30103        1.30103
          green             37              1              1              1
          salad             38              1        1.30103        1.30103
     grapefruit             40              1              1              1
       sections             41              1        1.30103        1.30103
Documento 14
           term         indice            tdf            idf          tfidf

              A              0              2       0.154902       0.309804
          berry              1              1        0.69897        0.69897
          aroma              2              1        1.30103        1.30103
          comes              3              1              1              1
           cola              5              1        1.30103        1.30103
           herb              7              1              1              1
          notes              8              1       0.522879       0.522879
            The              9              1       0.221849       0.221849
         palate             10              1        0.60206        0.60206
          tangy             12              1        1.30103        1.30103
           racy             14              1        1.30103        1.30103
       delivers             17              1        1.30103        1.30103
      raspberry             18              1        1.30103        1.30103
           plum             20              1        1.30103        1.30103
        flavors             21              1        0.39794        0.39794
         modest             24              1        1.30103        1.30103
         finish             25              1        0.60206        0.60206
Documento 15
           term         indice            tdf            idf          tfidf

          Right              0              1        1.30103        1.30103
       starting              4              1        1.30103        1.30103
         blocks              5              1        1.30103        1.30103
           oaky              9              1        1.30103        1.30103
           wine             10              1       0.259637       0.259637
       dripping             11              1        1.30103        1.30103
        caramel             13              1        1.30103        1.30103
        vanilla             15              1              1              1
          notes             16              1       0.522879       0.522879
            The             17              4       0.221849       0.887395
        texture             18              1        1.30103        1.30103
      midpalate             21              1        1.30103        1.30103
       finessed             23              1        1.30103        1.30103
       graceful             25              1        1.30103        1.30103
         drying             27              1              1              1
        tannins             28              1        0.69897        0.69897
          latch             30              1        1.30103        1.30103
           onto             31              1        1.30103        1.30103
      oakdriven             33              1        1.30103        1.30103
         finish             34              1        0.60206        0.60206
             An             35              2       0.823909        1.64782
      eccentric             36              1        1.30103        1.30103
          blend             37              1       0.823909       0.823909
             50             39              1        1.30103        1.30103
         Tannat             40              1        1.30103        1.30103
             35             41              1        1.30103        1.30103
          Petit             42              1        1.30103        1.30103
         Verdot             43              1        1.30103        1.30103
             15             45              1        1.30103        1.30103
       Pinotage             46              1        1.30103        1.30103
Documento 16
           term         indice            tdf            idf          tfidf

          Spicy              0              1        1.30103        1.30103
          fresh              1              1        1.30103        1.30103
          clean              3              1       0.823909       0.823909
          would              5              1              1              1
           pair              6              1        0.69897        0.69897
          fried              8              1        1.30103        1.30103
        seafood              9              1        1.30103        1.30103
      spaghetti             11              1        1.30103        1.30103
            con             12              1        1.30103        1.30103
        vongole             13              1        1.30103        1.30103
             It             14              1        0.60206        0.60206
         offers             15              1              1              1
         pretty             16              1        1.30103        1.30103
         citrus             17              1       0.823909       0.823909
          tones             18              1        1.30103        1.30103
       followed             19              1        1.30103        1.30103
         drying             22              1              1              1
        mineral             23              1              1              1
         nuance             24              1        1.30103        1.30103
Documento 17
           term         indice            tdf            idf          tfidf

           This              0              1      0.0457575      0.0457575
          sweet              3              1        0.69897        0.69897
           wine              4              1       0.259637       0.259637
        flavors              6              1        0.39794        0.39794
          white              8              1       0.823909       0.823909
          sugar              9              1        1.30103        1.30103
         orange             10              1              1              1
          honey             11              1       0.823909       0.823909
        vanilla             13              1              1              1
     brightened             15              1        1.30103        1.30103
          crisp             17              1        1.30103        1.30103
        acidity             18              1       0.823909       0.823909
Documento 18
           term         indice            tdf            idf          tfidf

           This              0              1      0.0457575      0.0457575
       bottling              1              1        1.30103        1.30103
      resembles              2              1        1.30103        1.30103
            New              4              1              1              1
        Zealand              5              1              1              1
       paradigm              6              1        1.30103        1.30103
      Sauvignon              8              1        0.69897        0.69897
          Blanc              9              1       0.823909       0.823909
        bearing             10              1        1.30103        1.30103
         aromas             11              1        0.60206        0.60206
     grapefruit             13              1              1              1
        passion             14              1        1.30103        1.30103
          fruit             15              1        0.30103        0.30103
           kiwi             17              1        1.30103        1.30103
     sprinkling             19              1        1.30103        1.30103
         graham             21              1        1.30103        1.30103
        cracker             22              1        1.30103        1.30103
           adds             23              1        1.30103        1.30103
       interest             24              1        1.30103        1.30103
            The             25              3       0.221849       0.665546
           wine             26              1       0.259637       0.259637
           hits             27              1        1.30103        1.30103
         palate             29              1        0.60206        0.60206
           like             30              1        1.30103        1.30103
         fleshy             32              1        1.30103        1.30103
           fist             33              1        1.30103        1.30103
        intense             36              1        1.30103        1.30103
         grassy             37              1        1.30103        1.30103
     gooseberry             38              1              1              1
         flavor             39              1        0.60206        0.60206
       provides             41              1        1.30103        1.30103
         plenty             42              1        1.30103        1.30103
          punch             44              1        1.30103        1.30103
           Pair             45              1        0.69897        0.69897
  apricotglazed             47              1        1.30103        1.30103
        roasted             48              1        1.30103        1.30103
        chicken             49              1        1.30103        1.30103
Documento 19
           term         indice            tdf            idf          tfidf

           Soft              0              1       0.823909       0.823909
         fruity              2              1        1.30103        1.30103
       generous              6              1        1.30103        1.30103
           ripe              7              1        0.69897        0.69897
           wine              8              2       0.259637       0.519275
          thats              9              1        1.30103        1.30103
           full             10              1        1.30103        1.30103
          juicy             12              1       0.823909       0.823909
      redcherry             13              1        1.30103        1.30103
         fruits             14              1        1.30103        1.30103
         gentle             16              1        1.30103        1.30103
        tannins             17              1        0.69897        0.69897
             It             18              1        0.60206        0.60206
       richness             21              1        1.30103        1.30103
         giving             22              1              1              1
          sweet             24              1        0.69897        0.69897
      character             25              1              1              1
           open             28              1              1              1
   readytodrink             29              1        1.30103        1.30103
             documento 0  documento 1  documento 2  documento 3  documento 4  documento 5  documento 6  documento 7  documento 8  documento 9  documento 10  documento 11  documento 12  documento 13  documento 14  documento 15  documento 16  documento 17  documento 18  documento 19  
documento 0            1     0.154508            0            0    0.0533761    0.0396214            0     0.124035     0.143223     0.216574            0     0.118262     0.167248    0.0482805    0.0620174    0.0800641            0    0.0800641    0.0826898     0.413919  
documento 1     0.154508            1            0            0    0.0357371     0.424447     0.362632     0.166091    0.0958927     0.493013            0    0.0395904     0.167968     0.258603     0.124568     0.348437     0.127804    0.0536056       0.3045    0.0791808  
documento 2            0            0            1    0.0545545    0.0785674            0     0.106299    0.0912871     0.105409    0.0318788      0.19245    0.0435194    0.0615457    0.0355335    0.0456435    0.0294628            0    0.0589256     0.030429    0.0435194  
documento 3            0            0    0.0545545            1    0.0514344            0    0.0347944     0.179284            0            0            0    0.0569803            0     0.139573    0.0597614            0            0    0.0771517     0.039841            0  
documento 4    0.0533761    0.0357371    0.0785674    0.0514344            1    0.0824786    0.0250549     0.129099    0.0496904    0.0601113     0.136083    0.0410305     0.290129     0.201008    0.0430331    0.0277778            0     0.277778     0.258199            0  
documento 5    0.0396214     0.424447            0            0    0.0824786            1     0.520756    0.0319438    0.0368856     0.513142            0    0.0913717    0.0861461     0.273551     0.255551     0.453632            0    0.0412393      0.36203    0.0304572  
documento 6            0     0.362632     0.106299    0.0347944    0.0250549     0.520756            1    0.0582222     0.100844     0.447306            0    0.0555127            0     0.249293        0.262     0.432196            0    0.0751646     0.329926    0.0277564  
documento 7     0.124035     0.166091    0.0912871     0.179284     0.129099    0.0319438    0.0582222            1     0.173205     0.104765    0.0527046    0.0953463      0.20226    0.0778499         0.05    0.0322749    0.0512989     0.193649     0.133333    0.0953463  
documento 8     0.143223    0.0958927     0.105409            0    0.0496904    0.0368856     0.100844     0.173205            1     0.161296            0    0.0550482       0.3114    0.0449467     0.057735    0.0372678            0    0.0745356      0.15396     0.165145  
documento 9     0.216574     0.493013    0.0318788            0    0.0601113     0.513142     0.447306     0.104765     0.161296            1            0    0.0998891     0.235441     0.244677     0.244451     0.428293            0     0.090167     0.395777     0.166482  
documento 10            0            0      0.19245            0     0.136083            0            0    0.0527046            0            0            1            0    0.0710669    0.0410305            0            0     0.108148     0.136083    0.0351364            0  
documento 11     0.118262    0.0395904    0.0435194    0.0569803    0.0410305    0.0913717    0.0555127    0.0953463    0.0550482    0.0998891            0            1     0.128565    0.0371135     0.333712    0.0923186            0     0.123091    0.0317821     0.136364  
documento 12     0.167248     0.167968    0.0615457            0     0.290129    0.0861461            0      0.20226       0.3114     0.235441    0.0710669     0.128565            1    0.0524864      0.06742    0.0435194            0     0.261117     0.179787     0.192847  
documento 13    0.0482805     0.258603    0.0355335     0.139573     0.201008     0.273551     0.249293    0.0778499    0.0449467     0.244677    0.0410305    0.0371135    0.0524864            1     0.116775     0.201008    0.0798723     0.100504      0.28545            0  
documento 14    0.0620174     0.124568    0.0456435    0.0597614    0.0430331     0.255551        0.262         0.05     0.057735     0.244451            0     0.333712      0.06742     0.116775            1     0.193649            0    0.0645497     0.133333            0  
documento 15    0.0800641     0.348437    0.0294628            0    0.0277778     0.453632     0.432196    0.0322749    0.0372678     0.428293            0    0.0923186    0.0435194     0.201008     0.193649            1    0.0331133    0.0833333     0.279715    0.0923186  
documento 16            0     0.127804            0            0            0            0            0    0.0512989            0            0     0.108148            0            0    0.0798723            0    0.0331133            1            0            0    0.0489116  
documento 17    0.0800641    0.0536056    0.0589256    0.0771517     0.277778    0.0412393    0.0751646     0.193649    0.0745356     0.090167     0.136083     0.123091     0.261117     0.100504    0.0645497    0.0833333            0            1    0.0860663     0.184637  
documento 18    0.0826898       0.3045     0.030429     0.039841     0.258199      0.36203     0.329926     0.133333      0.15396     0.395777    0.0351364    0.0317821     0.179787      0.28545     0.133333     0.279715            0    0.0860663            1    0.0635642  
documento 19     0.413919    0.0791808    0.0435194            0            0    0.0304572    0.0277564    0.0953463     0.165145     0.166482            0     0.136364     0.192847            0            0    0.0923186    0.0489116     0.184637    0.0635642            1   
